dataset	original_hash	result	variant	variant_hash
d61001	72c4a26e36effacbf74d84c518494cfda0af0e2c266b54350980089d1c640e29	PASS	reversed	72c4a26e36effacbf74d84c518494cfda0af0e2c266b54350980089d1c640e29
d61001	72c4a26e36effacbf74d84c518494cfda0af0e2c266b54350980089d1c640e29	PASS	permuted	72c4a26e36effacbf74d84c518494cfda0af0e2c266b54350980089d1c640e29
d61001	72c4a26e36effacbf74d84c518494cfda0af0e2c266b54350980089d1c640e29	PASS	renamed_ids	72c4a26e36effacbf74d84c518494cfda0af0e2c266b54350980089d1c640e29
d61002	574bb5e42fb92da8e37ba066bac0576a977634bfd6599de0bf486a0609e12785	PASS	reversed	574bb5e42fb92da8e37ba066bac0576a977634bfd6599de0bf486a0609e12785
d61002	574bb5e42fb92da8e37ba066bac0576a977634bfd6599de0bf486a0609e12785	PASS	permuted	574bb5e42fb92da8e37ba066bac0576a977634bfd6599de0bf486a0609e12785
d61002	574bb5e42fb92da8e37ba066bac0576a977634bfd6599de0bf486a0609e12785	PASS	renamed_ids	574bb5e42fb92da8e37ba066bac0576a977634bfd6599de0bf486a0609e12785
d61003	dc10ea73bdbee27b71a1c7a1f0c5e45423bb065b002899fb8cab2699f23320f2	PASS	reversed	dc10ea73bdbee27b71a1c7a1f0c5e45423bb065b002899fb8cab2699f23320f2
d61003	dc10ea73bdbee27b71a1c7a1f0c5e45423bb065b002899fb8cab2699f23320f2	PASS	permuted	dc10ea73bdbee27b71a1c7a1f0c5e45423bb065b002899fb8cab2699f23320f2
d61003	dc10ea73bdbee27b71a1c7a1f0c5e45423bb065b002899fb8cab2699f23320f2	FAIL	renamed_ids	500fa40e31d3eb65011248537525383596be675738ea568e70e839847019fbbf
d61004	c51f7a3c3334bd1093dfedae8ba69cfd6c46ae91b9068a32e239a4cadcf13d61	PASS	reversed	c51f7a3c3334bd1093dfedae8ba69cfd6c46ae91b9068a32e239a4cadcf13d61
d61004	c51f7a3c3334bd1093dfedae8ba69cfd6c46ae91b9068a32e239a4cadcf13d61	PASS	permuted	c51f7a3c3334bd1093dfedae8ba69cfd6c46ae91b9068a32e239a4cadcf13d61
d61004	c51f7a3c3334bd1093dfedae8ba69cfd6c46ae91b9068a32e239a4cadcf13d61	PASS	renamed_ids	c51f7a3c3334bd1093dfedae8ba69cfd6c46ae91b9068a32e239a4cadcf13d61
d61005	0e0fab1010297e5c705a2e9e7bf0db904a24fc0a9b4d0a23fb1a25448b0ac239	PASS	reversed	0e0fab1010297e5c705a2e9e7bf0db904a24fc0a9b4d0a23fb1a25448b0ac239
d61005	0e0fab1010297e5c705a2e9e7bf0db904a24fc0a9b4d0a23fb1a25448b0ac239	PASS	permuted	0e0fab1010297e5c705a2e9e7bf0db904a24fc0a9b4d0a23fb1a25448b0ac239
d61005	0e0fab1010297e5c705a2e9e7bf0db904a24fc0a9b4d0a23fb1a25448b0ac239	FAIL	renamed_ids	500fa40e31d3eb65011248537525383596be675738ea568e70e839847019fbbf
d61006	ae8b3ec229aa32f27d26d1ae8174f873868401e3189fd1cc2cf5e8aed7335f38	PASS	reversed	ae8b3ec229aa32f27d26d1ae8174f873868401e3189fd1cc2cf5e8aed7335f38
d61006	ae8b3ec229aa32f27d26d1ae8174f873868401e3189fd1cc2cf5e8aed7335f38	FAIL	permuted	500fa40e31d3eb65011248537525383596be675738ea568e70e839847019fbbf
d61006	ae8b3ec229aa32f27d26d1ae8174f873868401e3189fd1cc2cf5e8aed7335f38	FAIL	renamed_ids	500fa40e31d3eb65011248537525383596be675738ea568e70e839847019fbbf
d71001	500fa40e31d3eb65011248537525383596be675738ea568e70e839847019fbbf	PASS	reversed	500fa40e31d3eb65011248537525383596be675738ea568e70e839847019fbbf
d71001	500fa40e31d3eb65011248537525383596be675738ea568e70e839847019fbbf	PASS	permuted	500fa40e31d3eb65011248537525383596be675738ea568e70e839847019fbbf
d71001	500fa40e31d3eb65011248537525383596be675738ea568e70e839847019fbbf	PASS	renamed_ids	500fa40e31d3eb65011248537525383596be675738ea568e70e839847019fbbf
d71002	500fa40e31d3eb65011248537525383596be675738ea568e70e839847019fbbf	PASS	reversed	500fa40e31d3eb65011248537525383596be675738ea568e70e839847019fbbf
d71002	500fa40e31d3eb65011248537525383596be675738ea568e70e839847019fbbf	PASS	permuted	500fa40e31d3eb65011248537525383596be675738ea568e70e839847019fbbf
d71002	500fa40e31d3eb65011248537525383596be675738ea568e70e839847019fbbf	PASS	renamed_ids	500fa40e31d3eb65011248537525383596be675738ea568e70e839847019fbbf
d71003	500fa40e31d3eb65011248537525383596be675738ea568e70e839847019fbbf	PASS	reversed	500fa40e31d3eb65011248537525383596be675738ea568e70e839847019fbbf
d71003	500fa40e31d3eb65011248537525383596be675738ea568e70e839847019fbbf	PASS	permuted	500fa40e31d3eb65011248537525383596be675738ea568e70e839847019fbbf
d71003	500fa40e31d3eb65011248537525383596be675738ea568e70e839847019fbbf	PASS	renamed_ids	500fa40e31d3eb65011248537525383596be675738ea568e70e839847019fbbf
d71004	500fa40e31d3eb65011248537525383596be675738ea568e70e839847019fbbf	PASS	reversed	500fa40e31d3eb65011248537525383596be675738ea568e70e839847019fbbf
d71004	500fa40e31d3eb65011248537525383596be675738ea568e70e839847019fbbf	PASS	permuted	500fa40e31d3eb65011248537525383596be675738ea568e70e839847019fbbf
d71004	500fa40e31d3eb65011248537525383596be675738ea568e70e839847019fbbf	PASS	renamed_ids	500fa40e31d3eb65011248537525383596be675738ea568e70e839847019fbbf
d71005	500fa40e31d3eb65011248537525383596be675738ea568e70e839847019fbbf	PASS	reversed	500fa40e31d3eb65011248537525383596be675738ea568e70e839847019fbbf
d71005	500fa40e31d3eb65011248537525383596be675738ea568e70e839847019fbbf	PASS	permuted	500fa40e31d3eb65011248537525383596be675738ea568e70e839847019fbbf
d71005	500fa40e31d3eb65011248537525383596be675738ea568e70e839847019fbbf	PASS	renamed_ids	500fa40e31d3eb65011248537525383596be675738ea568e70e839847019fbbf
d71006	500fa40e31d3eb65011248537525383596be675738ea568e70e839847019fbbf	PASS	reversed	500fa40e31d3eb65011248537525383596be675738ea568e70e839847019fbbf
d71006	500fa40e31d3eb65011248537525383596be675738ea568e70e839847019fbbf	PASS	permuted	500fa40e31d3eb65011248537525383596be675738ea568e70e839847019fbbf
d71006	500fa40e31d3eb65011248537525383596be675738ea568e70e839847019fbbf	PASS	renamed_ids	500fa40e31d3eb65011248537525383596be675738ea568e70e839847019fbbf
d71007	500fa40e31d3eb65011248537525383596be675738ea568e70e839847019fbbf	PASS	reversed	500fa40e31d3eb65011248537525383596be675738ea568e70e839847019fbbf
d71007	500fa40e31d3eb65011248537525383596be675738ea568e70e839847019fbbf	PASS	permuted	500fa40e31d3eb65011248537525383596be675738ea568e70e839847019fbbf
d71007	500fa40e31d3eb65011248537525383596be675738ea568e70e839847019fbbf	PASS	renamed_ids	500fa40e31d3eb65011248537525383596be675738ea568e70e839847019fbbf
d71008	500fa40e31d3eb65011248537525383596be675738ea568e70e839847019fbbf	PASS	reversed	500fa40e31d3eb65011248537525383596be675738ea568e70e839847019fbbf
d71008	500fa40e31d3eb65011248537525383596be675738ea568e70e839847019fbbf	PASS	permuted	500fa40e31d3eb65011248537525383596be675738ea568e70e839847019fbbf
d71008	500fa40e31d3eb65011248537525383596be675738ea568e70e839847019fbbf	PASS	renamed_ids	500fa40e31d3eb65011248537525383596be675738ea568e70e839847019fbbf
d81001	f831a8268ee017631fe813e738ac9c83eca44ff184182ebef46579ed69041497	PASS	reversed	f831a8268ee017631fe813e738ac9c83eca44ff184182ebef46579ed69041497
d81001	f831a8268ee017631fe813e738ac9c83eca44ff184182ebef46579ed69041497	PASS	permuted	f831a8268ee017631fe813e738ac9c83eca44ff184182ebef46579ed69041497
d81001	f831a8268ee017631fe813e738ac9c83eca44ff184182ebef46579ed69041497	PASS	renamed_ids	f831a8268ee017631fe813e738ac9c83eca44ff184182ebef46579ed69041497
d81002	623788ef35ebf760ca6fe55b52c054bc23323a673f6bd58a09d23424a4a57538	PASS	reversed	623788ef35ebf760ca6fe55b52c054bc23323a673f6bd58a09d23424a4a57538
d81002	623788ef35ebf760ca6fe55b52c054bc23323a673f6bd58a09d23424a4a57538	PASS	permuted	623788ef35ebf760ca6fe55b52c054bc23323a673f6bd58a09d23424a4a57538
d81002	623788ef35ebf760ca6fe55b52c054bc23323a673f6bd58a09d23424a4a57538	PASS	renamed_ids	623788ef35ebf760ca6fe55b52c054bc23323a673f6bd58a09d23424a4a57538
d81003	97f668ac9a751ba8c2208cff02547ce5fa1e7ae4d7e02d8944f560acf54462c7	PASS	reversed	97f668ac9a751ba8c2208cff02547ce5fa1e7ae4d7e02d8944f560acf54462c7
d81003	97f668ac9a751ba8c2208cff02547ce5fa1e7ae4d7e02d8944f560acf54462c7	PASS	permuted	97f668ac9a751ba8c2208cff02547ce5fa1e7ae4d7e02d8944f560acf54462c7
d81003	97f668ac9a751ba8c2208cff02547ce5fa1e7ae4d7e02d8944f560acf54462c7	PASS	renamed_ids	97f668ac9a751ba8c2208cff02547ce5fa1e7ae4d7e02d8944f560acf54462c7
d81004	68d3b779fd4e5845c55dc5c9a886bb1741a905bd198a1b5eac69ba8d63b42e60	PASS	reversed	68d3b779fd4e5845c55dc5c9a886bb1741a905bd198a1b5eac69ba8d63b42e60
d81004	68d3b779fd4e5845c55dc5c9a886bb1741a905bd198a1b5eac69ba8d63b42e60	PASS	permuted	68d3b779fd4e5845c55dc5c9a886bb1741a905bd198a1b5eac69ba8d63b42e60
d81004	68d3b779fd4e5845c55dc5c9a886bb1741a905bd198a1b5eac69ba8d63b42e60	PASS	renamed_ids	68d3b779fd4e5845c55dc5c9a886bb1741a905bd198a1b5eac69ba8d63b42e60
d81005	fcb5b24bdb7c2cd335da5a135e94a20540cd76d61c114021cdaca592b9102e96	PASS	reversed	fcb5b24bdb7c2cd335da5a135e94a20540cd76d61c114021cdaca592b9102e96
d81005	fcb5b24bdb7c2cd335da5a135e94a20540cd76d61c114021cdaca592b9102e96	PASS	permuted	fcb5b24bdb7c2cd335da5a135e94a20540cd76d61c114021cdaca592b9102e96
d81005	fcb5b24bdb7c2cd335da5a135e94a20540cd76d61c114021cdaca592b9102e96	PASS	renamed_ids	fcb5b24bdb7c2cd335da5a135e94a20540cd76d61c114021cdaca592b9102e96
d81006	e4165a9e357854691884128bae0f2dcae335322c4810859c80bcfdca64952d25	PASS	reversed	e4165a9e357854691884128bae0f2dcae335322c4810859c80bcfdca64952d25
d81006	e4165a9e357854691884128bae0f2dcae335322c4810859c80bcfdca64952d25	PASS	permuted	e4165a9e357854691884128bae0f2dcae335322c4810859c80bcfdca64952d25
d81006	e4165a9e357854691884128bae0f2dcae335322c4810859c80bcfdca64952d25	PASS	renamed_ids	e4165a9e357854691884128bae0f2dcae335322c4810859c80bcfdca64952d25
d81007	f4c32864a5fac4c50c9f2dd27cc1e5afb6c9363bde4c55958157f88508476a68	PASS	reversed	f4c32864a5fac4c50c9f2dd27cc1e5afb6c9363bde4c55958157f88508476a68
d81007	f4c32864a5fac4c50c9f2dd27cc1e5afb6c9363bde4c55958157f88508476a68	PASS	permuted	f4c32864a5fac4c50c9f2dd27cc1e5afb6c9363bde4c55958157f88508476a68
d81007	f4c32864a5fac4c50c9f2dd27cc1e5afb6c9363bde4c55958157f88508476a68	PASS	renamed_ids	f4c32864a5fac4c50c9f2dd27cc1e5afb6c9363bde4c55958157f88508476a68
d81008	6baf69b82571c67046bcbc0c3974dccb1a07dd804e6d4123bfbd69dbdfae7439	PASS	reversed	6baf69b82571c67046bcbc0c3974dccb1a07dd804e6d4123bfbd69dbdfae7439
d81008	6baf69b82571c67046bcbc0c3974dccb1a07dd804e6d4123bfbd69dbdfae7439	PASS	permuted	6baf69b82571c67046bcbc0c3974dccb1a07dd804e6d4123bfbd69dbdfae7439
d81008	6baf69b82571c67046bcbc0c3974dccb1a07dd804e6d4123bfbd69dbdfae7439	PASS	renamed_ids	6baf69b82571c67046bcbc0c3974dccb1a07dd804e6d4123bfbd69dbdfae7439
d81009	8bc87bfec815057604e9ab5143911fa7fbed0f61f502396ff160fd39a49229de	PASS	reversed	8bc87bfec815057604e9ab5143911fa7fbed0f61f502396ff160fd39a49229de
d81009	8bc87bfec815057604e9ab5143911fa7fbed0f61f502396ff160fd39a49229de	PASS	permuted	8bc87bfec815057604e9ab5143911fa7fbed0f61f502396ff160fd39a49229de
d81009	8bc87bfec815057604e9ab5143911fa7fbed0f61f502396ff160fd39a49229de	PASS	renamed_ids	8bc87bfec815057604e9ab5143911fa7fbed0f61f502396ff160fd39a49229de
d81010	1c1b730ff3957460c6be5626ffd0fa1cb7903f1954e68c0bc1cf54bf4825c3ca	PASS	reversed	1c1b730ff3957460c6be5626ffd0fa1cb7903f1954e68c0bc1cf54bf4825c3ca
d81010	1c1b730ff3957460c6be5626ffd0fa1cb7903f1954e68c0bc1cf54bf4825c3ca	PASS	permuted	1c1b730ff3957460c6be5626ffd0fa1cb7903f1954e68c0bc1cf54bf4825c3ca
d81010	1c1b730ff3957460c6be5626ffd0fa1cb7903f1954e68c0bc1cf54bf4825c3ca	PASS	renamed_ids	1c1b730ff3957460c6be5626ffd0fa1cb7903f1954e68c0bc1cf54bf4825c3ca
d91001	500fa40e31d3eb65011248537525383596be675738ea568e70e839847019fbbf	PASS	reversed	500fa40e31d3eb65011248537525383596be675738ea568e70e839847019fbbf
d91001	500fa40e31d3eb65011248537525383596be675738ea568e70e839847019fbbf	PASS	permuted	500fa40e31d3eb65011248537525383596be675738ea568e70e839847019fbbf
d91001	500fa40e31d3eb65011248537525383596be675738ea568e70e839847019fbbf	PASS	renamed_ids	500fa40e31d3eb65011248537525383596be675738ea568e70e839847019fbbf
ALL	269758e884a1a6c73901fd5f2c3f25ba3ae7af53ed549b499aab5978ea58dcdc	PASS	shard_layout	269758e884a1a6c73901fd5f2c3f25ba3ae7af53ed549b499aab5978ea58dcdc
